4.223315368889768706e+02
4.230992220691342141e+02
4.203143536108362355e+02
4.226095472001857729e+02
4.249631022629777135e+02
4.225867463643409678e+02
4.234634908279369938e+02
4.211908989470524602e+02
4.200415842831179134e+02
4.206588238802278283e+02
4.218945652462898011e+02
4.235736273495608657e+02
4.238460276903506383e+02
4.205268065979034873e+02
4.242725809992095947e+02
4.239267210169257396e+02
4.245164501615377048e+02
4.235404400138479559e+02
4.242655242613300857e+02
4.204984153773511366e+02
4.238053785252218972e+02
4.222810716786149214e+02
4.248783064536881398e+02
4.247544164612131112e+02
4.221633277864836487e+02
4.240379222908347856e+02
4.234249423097849103e+02
4.216107062274915052e+02
4.235648471463104556e+02
4.235292253835133351e+02
4.217358209870797623e+02
4.202173157206677274e+02
4.200082769371767313e+02
4.227721050876947402e+02
4.237488111822594306e+02
4.249705709600966657e+02
4.230094768624584844e+02
4.229942411812446039e+02
4.232511288264450400e+02
4.215658566004232171e+02
4.210199739575872968e+02
4.205571201626093512e+02
4.242245466459249883e+02
4.223043777521952507e+02
4.206037244540427196e+02
4.225087432194613939e+02
4.222128223365381814e+02
4.212068870639521947e+02
4.230115870411308379e+02
4.209028943585877300e+02
4.209725618026050142e+02
4.233533045849125074e+02
4.208312537785105292e+02
4.226985028833873912e+02
4.221305720747955093e+02
4.213659012849301462e+02
4.233817213537779480e+02
4.210514686303184817e+02
4.207747282937228306e+02
4.205779550468265029e+02
4.237643675105067587e+02
4.220734959063573228e+02
4.211195990897057868e+02
4.212585005667614269e+02
4.237323004964084134e+02
4.227929244827810749e+02
4.222345425666704841e+02
4.217752419722319814e+02
4.206446050978084941e+02
4.208212668515674864e+02
4.236888236704181168e+02
4.215208007051423920e+02
4.200280138637713208e+02
4.202078559596135392e+02
4.204751312758410222e+02
4.223215091423531362e+02
4.204596784968631482e+02
4.242379883422750027e+02
4.231054907444901687e+02
4.222918217925702038e+02
4.207749702667485963e+02
4.209211329896177176e+02
4.232053441199261101e+02
4.204920403127391069e+02
4.245759562743564288e+02
4.205484209709405832e+02
4.246990110636836562e+02
4.249963396591935521e+02
4.201495199743687294e+02
4.237543634991488943e+02
4.213568050377186296e+02
4.204054045327175118e+02
4.211451714296191540e+02
4.210279747607566492e+02
4.213541579584818919e+02
4.239466443955124646e+02
4.208052042304197471e+02
4.242842265122151275e+02
4.214746611603491715e+02
4.206085498919537145e+02
8.426287867385105983e+02
8.404362721601279418e+02
8.405034187046087482e+02
8.428865804767399368e+02
8.427233374184154400e+02
8.425724179564556380e+02
8.437348866939906884e+02
8.416972414356154104e+02
8.448655132564383621e+02
8.443367309424477298e+02
8.449804014691773091e+02
8.446726286932647554e+02
8.408665619781759233e+02
8.432554912117370804e+02
8.437604591524627722e+02
8.447944318098674330e+02
8.406003429259749282e+02
8.427756972134451416e+02
8.413842717797416526e+02
8.446176244091254830e+02
8.445008377742601624e+02
8.433200181311782444e+02
8.413750515047063345e+02
8.413519225092533134e+02
8.412017277602186596e+02
8.432215410420275248e+02
8.433552334614564643e+02
8.439245154479557414e+02
8.443758565376907654e+02
8.409813724815272735e+02
8.403759428012004946e+02
8.426222907834733178e+02
8.419227288881645563e+02
8.401400041741396763e+02
8.438498498641102969e+02
8.420438224966399048e+02
8.403853441066446521e+02
8.411697171572939169e+02
8.416628317999266073e+02
8.402802071283393843e+02
8.429986230234931099e+02
8.430926052092816008e+02
8.423716842437094101e+02
8.408197856994453332e+02
8.410116029229993728e+02
8.439292617764953093e+02
8.448168056564890094e+02
8.439129936630945394e+02
8.435254078693710653e+02
8.403576350927235126e+02
8.405133935410515278e+02
8.403969126341137326e+02
8.405305660126324483e+02
8.426211967209242175e+02
8.433129677344091988e+02
8.414943218616705281e+02
8.442529627459864514e+02
8.435795326454043561e+02
8.430831317581735220e+02
8.416633869150147120e+02
8.430845235464547613e+02
8.417209109998098029e+02
8.409741666792511978e+02
8.431059603128471736e+02
8.403778951150061403e+02
8.428955484255928923e+02
8.446885237517136602e+02
8.416467872001514934e+02
9.026966744184625213e+02
9.010596942618939238e+02
9.003087616612335751e+02
9.022643071414152018e+02
9.030388913185115598e+02
9.034718302678862756e+02
9.018464083361053554e+02
9.021272977415666219e+02
9.046489739073190322e+02
9.010862225093263760e+02
9.016861636111552798e+02
9.010567842053931145e+02
9.015157671614348374e+02
9.011715957238887995e+02
9.006760273372470920e+02
9.042032877790594512e+02
9.017238354428261573e+02
9.004032596439805047e+02
9.044472773997808872e+02
9.036889460404001966e+02
9.041254996503973871e+02
9.027526218510922718e+02
9.016692821196513705e+02
9.036413942524449112e+02
9.045019534482314612e+02
9.002272580737394492e+02
9.037559515742095755e+02
9.039861152041453352e+02
9.036986361051655194e+02
9.017651172531440125e+02
9.000828251552499069e+02
9.046289745175928374e+02
9.009554586174618862e+02
9.015403666716150610e+02
9.007324777919933467e+02
9.036078940139698261e+02
9.014455949032391118e+02
9.033294382999478103e+02
9.017384094710874933e+02
9.013901349961030292e+02
9.026360333299638796e+02
9.001508325412040676e+02
9.003479252845384053e+02
9.040387500982910751e+02
9.029395976474980898e+02
9.049254576002859949e+02
9.005155258498539297e+02
9.014052158203955969e+02
9.016445975897678409e+02
9.044591396956539029e+02
9.019169691756861766e+02
9.002238886114020033e+02
9.032336715918738719e+02
9.025621693931358323e+02
9.017739145135183207e+02
9.012485950578679876e+02
9.016255404709365848e+02
9.031676874934066745e+02
9.015269816684406123e+02
9.022801125732364653e+02
9.042309419508550263e+02
9.000112027351934785e+02
9.003434033647773731e+02
9.007525312833334965e+02
9.028917012670335680e+02
9.001476922770989404e+02
9.019762454973430295e+02
1.262526360494329992e+03
1.264789043110191869e+03
1.263808114825819302e+03
1.262506208874796812e+03
1.260064887214877444e+03
1.261694151763314039e+03
1.261917090534337376e+03
1.264972195034994456e+03
1.260824341908752331e+03
1.260638550309988432e+03
1.261475871758967742e+03
1.264234076065989257e+03
1.260776140654190385e+03
1.260302100598018797e+03
1.263404412189006507e+03
1.260853470002494078e+03
1.263237589833428956e+03
1.264946612872289279e+03
1.262347832264719045e+03
1.261797872439512275e+03
1.262170426399310600e+03
1.260473831494924070e+03
1.264412319570323234e+03
1.262614079962265805e+03
1.263733058504789142e+03
1.263162738124908856e+03
1.264121463784551906e+03
1.264273434528424104e+03
1.264851232793924737e+03
1.261040072565473793e+03
1.263076726209214712e+03
1.263322427527324862e+03
1.261384174552902550e+03
1.680041112559884596e+03
1.684564886316714819e+03
1.683291923987118025e+03
1.684593146222757923e+03
1.680531274716638563e+03
1.681901011084443553e+03
1.681907789521973427e+03
1.680726733045789842e+03
1.680423254275402769e+03
1.680655047249785866e+03
1.683352755639691168e+03
1.684866012424566406e+03
6.036700477489437162e+02
6.009190753109722891e+02
6.036952436252405505e+02
6.046074835648479393e+02
6.008836709706722559e+02
6.014605780883243824e+02
6.028800560758637630e+02
6.031611927226774696e+02
6.040250184700646514e+02
6.044793447583341504e+02
6.035895859711417870e+02
6.011066641655831972e+02
6.003276810484151156e+02
6.008178320659899327e+02
6.022656532393476709e+02
6.001745565561051308e+02
6.002495043019166587e+02
6.007879100052398371e+02
6.046011605556354880e+02
6.003217615113358079e+02
6.042913438878072157e+02
6.012684175156842912e+02
6.014904013690002103e+02
6.001450050546657167e+02
6.048062646591678231e+02
6.043871532823098960e+02
6.044313432673012585e+02
6.037033850230762937e+02
6.007216401807481816e+02
6.013124308877435169e+02
6.038230699205088285e+02
6.008041515997654187e+02
6.010351545980794299e+02
6.000588515145062729e+02
6.016507112277374745e+02
6.002804747221119896e+02
6.046690082067484582e+02
6.003656964608238695e+02
6.005270209198249631e+02
6.039864025039447597e+02
6.032731010193866723e+02
6.015485937020297342e+02
6.030287459135424797e+02
6.011108481588444192e+02
6.010165120919375568e+02
6.006134838678260621e+02
6.040171800956660491e+02
6.042285458158912661e+02
6.003389375067937408e+02
6.049917035826074425e+02
6.000712842461449554e+02
6.049603178358456717e+02
6.025027752458039458e+02
6.030709865771000295e+02
6.008036150611430912e+02
6.022349901211864562e+02
6.017454354647829859e+02
6.027034157268760737e+02
6.030073147992331997e+02
6.005879247410318840e+02
6.015486472259414086e+02
6.008045311875880543e+02
6.015244875423230724e+02
6.008584708954981579e+02
6.025786448787712288e+02
6.023252340905514757e+02
6.006665604591188412e+02
6.023512010558921475e+02
6.022237993949859174e+02
6.026792375894694942e+02
6.014613874595816014e+02
6.023062841814858075e+02
6.016219648941773812e+02
6.043717175110720063e+02
6.048257912436795323e+02
6.020733056187415286e+02
6.021388960807436206e+02
6.009895889532205047e+02
6.036266950846130612e+02
6.019267351074500993e+02
6.029198985378997122e+02
6.032830002417128981e+02
6.000352201206064819e+02
6.048766533363032067e+02
6.006027840914176750e+02
6.004876300262554878e+02
6.049843943584089629e+02
6.648184098607029000e+02
6.609121574420702245e+02
6.638793339748759763e+02
6.608004545854738581e+02
6.642439287485429986e+02
6.627142341865157960e+02
6.628568536276899295e+02
3.622231025059585363e+02
3.627925936382092686e+02
3.636848961062920011e+02
3.622964816014813323e+02
3.639697144125152022e+02
3.606308543249634226e+02
3.619942641638849068e+02
3.622509106696901426e+02
3.629751325364414356e+02
3.607283897910886594e+02
3.633772907863361183e+02
3.646549018157189721e+02
3.645064291360588413e+02
3.636201549205671881e+02
3.619175603270186912e+02
3.618898706297761123e+02
3.629088704042120526e+02
3.631606574738834183e+02
3.646857932579577550e+02
3.645408955653729208e+02
3.605027110243115089e+02
3.601897179797485364e+02
3.609723019942304063e+02
3.630225562571220621e+02
3.602068610893855407e+02
3.648662777243245046e+02
3.600995312197238150e+02
3.612322955307457732e+02
3.619453147788872229e+02
3.636242578168976252e+02
3.620756663088627647e+02
3.627912561502636208e+02
3.630963262343937572e+02
3.641535058215555409e+02
3.649959366260372917e+02
3.632145335037531595e+02
3.634910820245182208e+02
3.628323701591224903e+02
3.626146188391874716e+02
3.649144065802685759e+02
3.635753298212788991e+02
3.638772131969949442e+02
3.606335359369231242e+02
3.633217670341807093e+02
3.608762666361592437e+02
3.629109436440847958e+02
3.638001130539945507e+02
3.628847380615693510e+02
3.640095818881292189e+02
3.633556797347912379e+02
3.636009305708769830e+02
3.624291665740617532e+02
3.613165857530884182e+02
3.645210179387052563e+02
3.631051682042456150e+02
3.606027078996113460e+02
3.645206318239976326e+02
3.611703144722364414e+02
3.600340759983109820e+02
3.620598666513997728e+02
3.601561288231999924e+02
3.636113475978424390e+02
3.637381465176600273e+02
3.614933363147137584e+02
3.615445076549463010e+02
3.610327181288569136e+02
3.644496466441586335e+02
3.613281155728697058e+02
3.610605514053027605e+02
3.605131703920206405e+02
3.615834027278137341e+02
3.643200842758002409e+02
3.606633966061232286e+02
3.632264755381805230e+02
3.604513050991391196e+02
3.612930536667602723e+02
3.601535865917701926e+02
3.643627551859116807e+02
3.607991400769088841e+02
3.600698793645655655e+02
3.642626986710831716e+02
3.605811296679297584e+02
3.612562991727378403e+02
3.629489714761731420e+02
3.640350410259599130e+02
3.611525937113181044e+02
3.605708812823055496e+02
3.606331725530789640e+02
3.610337570681244301e+02
3.638459524855545055e+02
3.622805631432825066e+02
3.624302613976549878e+02
3.641826824153410485e+02
3.623304458940824020e+02
3.620830192467918778e+02
3.606024451891340732e+02
3.612783269325704509e+02
3.622546481700163667e+02
3.609067320348481758e+02
3.632868088972469991e+02
